00000000000000000001111111111000000111111000000000
00000000000000000011111111111111111000111110000000
00000000000000000111111111111111111111111111100000
00000000000000001111111111111111111111111111111000
00000000000000111111111111111111111111111111111110
00000000000011111110011111111111111111000111111111
00000000001111111100111011111111111111111000011111
00000001111111111100110000110111000011111111100111
00000011111111111110011000111011110000000000111001
00001100111111111111000001111101111110000011111000
00111011111111111111111111110111110111111111110000
01100111111100000001000111110011110011111111000000
11111111110011110001111000111001111001111100000001
11111111000001111001111111001001111100000000000011
11011110011001111001111111111110111110000000001110
01011000001000111011111111111111111111110011111111
01110000000011110111111111111111111011111000111111
00110000011000001101111111111111111001111100011111
00110011010010011001111111111111111101111110001111
00011001000011110001111111111111111100111110000111
00011100000000100011111111111111111100011111000011
00011111000000011110011111111111111100001111000011
00001111111111111111001111111111111110001111100001
00001100111111000001100111111111111110000111100001
00000110110000000000110011111111111110000111110001
00000011010000000000111001111111111110000111110001
00000001111000000001111100111111111110000111110001
00000000111000000001111110011111111110001111110001
00000000001000000001110111011111111110011111110001
00000000000000000000110111001111111100011111100001
00000000000000000000110111001111111100111111100011
00000000000000000000110111100111111100111111000011
00000000000000000000110110110111111001111110000111
00000000000000000000110110110011110011111100001111
00000000000000000000110111110011111111110000111111
00000000000001110001101110110111111110000011111111
00000000000011111111101110110111111000111111111111
00000000000011111111111101100111100011111111011111
00000000000011111111111001101110011110000001101111
00000000000011110111100011001101110000000000100111
00000000000011110011000110011111000000000000110011
00000000000011111001001100111110000000000000010011
00000000000001111101111001111100000000000000011001
00000000000001100000000111110000000000000000001001
00000000000000111110001111101000000000000000001000
00000000000000011111111111011000000000000000001100
00000000000000011111111110110000000000000000001100
00000000000000001111100111100000000000000000000100
00000000000000001100011110000000000000000000000100
00000000000000000110111000000000000000000000000000
