0000000000011111111110000
0000000011111111111111000
0000000111111111111111100
0000001111111111111111100
0000001111111111111111110
0000011000000000001111110
0000010000000000000111110
0000010000000000000100110
0000001111111111111001001
0000011000111000111101001
0000111111111111110110110
0001101101111101110010000
0001000111111111100011000
0011000001111000000001000
0010111110000111111101000
0110010000110000001001100
1110011001111001111001110
1100001111001111000001111
1100000000000000000001111
1100000000000000000001111
1100000000000000000001111
1110000000000000000011111
1110000000000000000011111
1111000000000000001111111
1111110000000001111111111
