111111110111111101111101111111
001111100011110000111000011100
000111000001110000110000011100
000111100000111000110000011000
000011100000111001100000011000
000011100000111101100000110000
000011110000011111000000110000
000001110000011111000000100000
000001111000001110000001100000
000000111000001111000001100000
000000111100001111000011000000
000000011100011111100011000000
000000011100011011100010000000
000000011110111011110110000000
000000001110110001110110000000
000000001111110001111100000000
000000000111100001111100000000
000000000111000000111000000000
000000000111000000111000000000
000000000010000000010000000000
